199636730
347979636
155935344
442222619
475552573
370518032
342051062
195904527
422648584
465668266
464197399
381683424
181961922
380266521
212178841
327664584
428547820
406808898
261544982
357625982
275295178
431489828
247752881
320360461
75632586
353044183
300767147
320578861
180161372
457464911
436192399
296573489
270760423
335649096
240483454
342478783
430831821
407061671
270833952
306752902
365176329
254534247
426021564
209683434
275758601
311355918
279963078
271074409
368220866
270019322
280764172
179063689
367766337
398115710
348110701
500351277
485336446
194901715
298527393
390284218
442161639
253868749
72421312
232720840
462021760
293219263
328283744
389429490
433854394
318004891
301582072
238855369
294222094
262661795
409116011
266489556
275592220
299785398
439280397
381128509
325635243
291119687
269884897
286343323
369722968
178959432
270848774
503740076
484024942
381014155
342322603
257603655
52422351
383388208
215409061
396424039
449491078
399645724
178601996
309953681
267061312
232770763
283519077
294153052
401607271
259632652
430981711
280920231
217690884
387857361
401935065
309816623
485062837
397021365
302996918
407232607
327439257
426577029
7509800
438114199
339806722
334783233
244079431
204979072
240355864
64083695
342485039
260104543
145511136
224138859
460352935
323534820
291547796
368639328
350998939
212220327
327934856
310117262
215956656
253638544
300932173
307920091
225048492
419569767
367771183
281526645
259516835
199647813
420527667
265657736
217586219
32733307
216796267
353821954
157718514
166901028
243237215
317651136
222319628
180065869
151008569
179566721
354985317
426479472
247509655
88356668
249529730
423064161
306219930
343858488
255565980
461301332
188493836
393761851
414707975
174253168
488051264
375276669
226242205
176473928
410320134
255359092
414201185
245853995
261538524
195707567
475311938
275568021
250193393
248838378
242157097
225027837
90778704
189952
28154683
294197101
156549724
129702142
326747370
295671738
291276511
383333554
296844001
484002106
257945771
277495778
246443003
86890346
283725557
446843306
297926205
404439542
304311483
250713724
442396379
429076266
419489176
210608606
280182621
341129205
356953759
342268159
411503126
208114094
352243259
278758647
496917250
456030223
227650191
467146504
445658016
358238485
192485254
450203769
277834033
304586933
510922285
318650527
507105898
312948544
342529222
278380098
267034108
260400043
336777900
368398139
306401358
5263020
182971691
333676375
274888991
392139097
389861956
137651010
391687921
324024175
313444418
312618350
181846839
224913451
470568668
165763360
273887462
448360904
426544067
232788688
336096618
354806204
291123076
293509673
281825811
302644958
490255131
384193227
347505717
431189529
373298670
359407826
72220191
350673779
308451884
168558595
382380526
390548485
324171244
215755660
415548226
136102106
142340874
346539062
268739369
171428739
164190308
507470236
173899636
232197514
19908864
167036497
351249263
294655075
17710314
386101509
226858372
187407930
381616544
261679005
101503910
276528954
207982765
326118536
310842316
132016643
296355516
313698136
350196747
247892318
393130815
302055259
154236202
223494805
373421049
166846802
173051810
253826918
324491004
272236225
165240492
211036677
326267982
256858751
394347317
21200154
495742819
276948916
414468066
210531974
166563092
162615088
311512075
160045883
284395100
296581802
235770837
358409640
347334017
178244594
545609991
351702901
195726375
291307122
166818690
440950233
458043213
211351308
485601812
326435017
253913032
484490462
329083103
314914316
243334241
156508049
392674985
511381690
286042309
250905385
380468976
159847974
193347980
118603818
347082185
443758093
458448480
212567581
208253289
390196252
330533726
357758615
450779453
189932177
506692358
423764931
165616261
274344458
267680217
471430655
469997109
370940175
233556531
285596288
222777200
311602601
494568538
236289327
360887790
141751758
479327147
314367161
85986321
349512891
389227586
240506926
364586166
274558964
178633761
266871024
437973402
276254411
243736179
187077458
132922953
444758724
267864698
162349863
299816172
269638289
69733585
13487810
433219578
235656812
597056111
283218541
336220739
596998990
832770310
697751967
546805067
585930976
407355137
438742567
570889371
565980426
731256721
588016206
282369136
413214833
614766282
158415430
692896355
433837824
741545357
596454784
505574310
447427844
538786316
577670465
527376440
520373766
416914370
286344848
606313882
320563236
453140383
66378219
778868303
610168871
560028603
782974524
498146377
628701303
575069993
504286424
851690823
575545903
468215763
699542677
639130759
522791123
712777559
330957088
460324433
614042500
275032097
480832144
334880663
469182277
213452079
498742655
465634939
466952777
267523949
465373078
565123238
712028551
372795704
490495628
321184978
209991104
366884069
644694885
570675838
378462447
465719926
223000985
23087503
556588192
612703332
326144511
332313924
358270947
588914087
629523782
623787059
616884948
238427830
593115135
460784088
539306227
585640766
458784812
198802967
211198186
594085927
325703602
226373006
622309737
524819522
660127857
467850395
364734733
711538554
498544119
592331147
582428340
609554396
400308370
400857314
344098318
539491278
564674262
287716638
386045719
295478988
238601762
286842647
590823102
372726652
451353502
571541171
765991919
303601460
588205564
433290306
675904799
376178384
375894295
538414983
577324994
587747251
298940907
388464547
482544233
533562312
509098335
327807581
424502590
606809513
607617906
402823218
437405616
548362874
332411210
506340047
241926316
197231205
276473494
227466633
578080997
511338965
593659978
436635904
317983513
555787008
355829531
564605361
691124845
576560126
809292515
207440629
331148634
647048068
208341786
517408767
135848965
578438410
317563291
281028868
654062333
508044007
305924359
475346931
64591793
596182794
359018219
612130523
564431263
263942763
314940813
382850188
57518983
327419060
138444435
493533955
278581933
318546565
443082670
356942749
456839305
400075328
390060203
419454362
296047056
410891861
436847093
379165505
375749513
297454140
300908849
321984471
159876449
388743982
296043236
392235648
439234310
373638082
284909124
167640633
511037921
358696446
174554987
377961964
203817454
508385852
342608128
371751972
328786921
173195004
364008635
307216368
367580719
114726036
271714150
212969601
438097685
268046936
348221648
241607612
159352720
345065864
104775597
159226392
284193933
380602254
275687137
267391049
444900
278043658
274773551
449959882
379684490
494673436
533086968
828952104
577004310
533024582
729338193
610814176
681455055
423854247
570823158
558206240
524258508
622032581
467684101
506333799
511520625
736066388
461715991
272668117
325040986
495274878
378269941
833096914
831775421
809540749
618916323
824333895
564622485
546405907
192006127
543709953
442314722
279467526
514902481
282701293
663879437
503555769
520832274
564668712
445046528
707631378
531349588
634124449
524379977
489076169
653326004
541089354
473658591
624925872
463089035
788379826
620001491
581920969
255189986
524339463
343674503
257725817
217480906
569538469
567289827
437977708
571945490
591156996
446667331
448081435
352220801
676099843
569423772
271430243
591334587
464400029
670595153
550039865
491196133
588393044
542620910
328536695
667481221
173976731
577025089
322749451
405148370
578082484
575312463
180757083
489777171
378010057
336766487
230395962
638381803
292202067
433217904
768998904
565012888
216400319
274480259
279142417
347136897
313018532
310803628
321592520
400524321
459164253
291110718
341147538
380873052
378848500
369042546
356705968
15686019
364843205
193003515
377940685
279368485
308461888
228503413
379314725
376428123
265409950
392048437
188695505
293337301
227082286
106332368
456536749
326022081
345788366
433952759
385908281
180978451
311826652
378098530
398246443
150908615
258485542
338114417
356636876
368224797
463617351
337056042
512860012
334697978
221345545
475761582
50690990
338859359
206622117
236681511
275064331
303596519
34379230
340825875
424162527
849997430
678161748
515499515
212000123
290459892
798803179
537790643
642088170
626488513
414864442
591455434
672236385
578120270
546958125
293255443
353552694
669032890
427264386
512762013
608954835
601761328
766795494
640454801
588723877
462178375
176522486
607570309
267941423
326966415
363043425
473767969
472162336
440723069
565324789
470791367
321123969
274870818
553059490
497504075
560674685
333774028
260657963
519914501
460350536
359817285
594906517
228004913
484561733
139174574
423824231
159232476
408677059
432292357
658329233
485838959
119834524
252775822
604686521
96769160
581041050
279549023
249328250
205929792
246682835
568708371
290624869
640977702
475387433
607876046
764485989
597050940
560710270
589860829
545002631
531641755
224732165
702722775
175969699
681468235
508660471
589554629
390865417
381826914
607733422
287931490
457365472
622426644
750154249
160886122
136058733
271827915
340920679
153577288
429041450
514618216
783454408
582214294
153262789
608223765
547829470
396750255
474975070
436048169
828681374
633720065
608220942
146008576
456654453
588255365
322891623
582320251
621733050
507501070
514640323
474018348
326646825
639592790
14434963
215838740
313370441
205793784
320885635
257424947
395837117
231106275
325182707
408445643
342680285
288147297
303994112
399909900
184799961
442926044
271178238
274196201
306136973
236438767
430617562
144936686
340839562
195979079
352103293
155123450
240541116
359507629
462558540
153597583
257393783
295065245
272063318
141116996
211891822
335568049
285380397
444274948
404645289
406003793
559485594
411430596
218966124
549813384
237362264
279619064
470285981
185413657
310695295
730157377
514827873
562940314
430187199
147445238
501773064
269503216
608514771
597056111
403217686
585930976
326144511
552963675
638935162
216254301
457037853
597413884
7509800
418355390
769866336
172733037
256458180
582916936
520055713
556318964
522439588
576326381
496120724
345084430
527310687
254513393
565847144
405993349
474883832
475576066
408578403
255796552
446587510
357676454
350171291
455386684
210814367
316280411
541915152
32235173
325206627
741870085
434970381
597077460
516544900
739980337
519728672
533826103
583754144
355437177
23316948
321543527
292610992
560945820
318625811
522902537
226962743
516849827
589441875
239115047
417916908
648462393
359534762
154681443
603124224
189007163
546838987
656341029
521882655
404388395
317458104
517276371
730259352
565023668
581406300
278515783
537131859
505786086
576005204
471446237
736194468
470955166
563684515
675657639
113728419
759287675
291914091
175079067
649321252
410799092
576690815
401473712
769045052
440147868
184757809
231494742
529989713
743162231
250966744
504086573
676124475
323408130
451171698
139442622
604677052
698914331
721372503
269802028
395762087
445568590
511997075
249492146
555264438
607293710
447484454
232483826
200643725
509121001
568865886
541156590
543945254
340718794
218008691
511831557
573947369
286541593
583566476
567230702
256002729
514750350
199575902
559567164
796005559
16477316
243102768
450824366
650255359
249385794
204070740
371551971
640666435
507763400
327067476
369689306
292427586
266451782
144380257
341631598
363391675
378127488
306778095
247355087
203609479
448743889
260314744
188578554
414256213
136685823
148959516
340947675
188765246
133620237
313090129
200355066
443901404
301064158
386208069
710939450
250939617
335660423
858801600
354006846
494098127
588830823
391876475
337856526
570116123
549118544
564188364
509214793
711512173
666875729
622042243
304282006
735482039
537597478
576077622
695164288
731100017
520522872
619614577
530420630
531335524
470543027
653004342
460258058
543324471
179998052
556168143
588837465
488014299
484645260
618527813
180628355
443074307
563493104
470194708
792757125
525244710
473307778
600739536
386432554
571473587
555463331
503547993
431616261
543113898
169768174
565814330
692672478
745811542
848718842
761441256
612169712
594655254
439183983
382852004
470241598
310659641
522205079
602525475
229593103
653730547
761663183
853284406
484432102
714935873
647397525
299833742
114078948
345100944
611234492
823740311
302710470
629865373
719100239
589563596
712602007
444096871
434741642
574104489
589385597
398955269
739633509
454724251
303345237
283865051
391104504
438281085
334953180
371425849
449231113
500711649
378718478
407062055
206456915
168776141
413630561
195979234
178600376
430523341
221020917
778908078
551971426
693638122
449372856
675259108
630107777
281134291
430189595
521393273
267427419
710342859
395769235
336203218
629908669
499641290
450810496
589023097
209390947
208137291
666975879
565951318
566299621
304050024
495811813
588727991
392786941
541223232
266066460
392676414
527939481
626655255
528568574
609301266
582966981
450112039
427450459
353817101
183936956
228869232
114952913
393337327
465346141
65693921
200633660
143439482
410122627
306800883
253189458
388620252
286536242
262338470
219610071
163567332
298591998
269626241
288292807
320869640
398824988
98070120
375605470
370594334
63486592
191033153
456064484
300499874
333904387
478149617
222130769
402873136
215576552
297900029
299481975
146842806
211505868
276018331
852458327
402363906
588516345
412932345
404934064
549644416
709868217
510390368
707046494
196110202
592138900
472427968
444994049
290243134
525534358
558964707
684061857
729157468
602826853
60191136
554014968
522216221
600335908
492700570
453740420
565063771
500171154
508192605
577001883
514054340
369361240
734458329
416643803
556749663
238133210
582732887
275527890
533382014
534505879
215040380
299826119
622589619
566466512
700458470
532901349
566524650
555163173
289665966
605472620
602441425
573021224
652065262
554695034
317048442
592831124
600827858
237189471
176700524
317589839
423983031
323836590
199866429
434019610
301241207
435637473
226637528
138863049
407014658
680854943
521369414
607635148
337734983
552205745
529450762
309904102
503974699
458778485
239893721
550982912
331199572
132355659
493649064
561423584
518573663
579256049
480729231
755726855
630599419
442961608
424896298
526396727
189552620
621173986
643767140
325008310
148032685
4590318
237125217
502985270
256038342
452652751
254783949
236348251
672615929
471483914
173577312
585639257
303261151
796498370
419909422
555979598
241372788
394315599
270076841
325180935
480166275
266857111
596568899
562189616
529022224
584480309
320204534
154683506
334460235
426721863
226825876
243259755
466394879
269092225
308297973
366318515
276850577
33686439
499670587
221872763
332357947
267150017
336275460
269616104
346894095
335302407
154761454
306687380
154693765
250496663
466147445
5755276
406633097
266294979
353153883
485861080
483207247
250625438
814183807
592330920
518507982
369734618
469982727
448512375
78439135
468782003
864264652
407070025
218562101
512033662
473198093
720350337
524817217
611919440
635258559
456289696
443330190
656694165
506663414
488677987
308417652
598547633
784256405
799207196
695564112
275623184
524897753
481084877
518052075
230507708
300131234
286512179
661907752
149157377
754299569
449856159
682293372
313060267
162257648
675271603
180197770
710399584
368613115
332578331
581260484
513526246
487904420
563276041
322355499
378923179
625412767
585981040
197443113
322880675
840653749
483863703
525864066
215675375
588646643
451988866
227025242
319240311
628864340
826954496
306737046
484051139
490926625
492168553
742625094
439045544
544135291
640480104
399269705
590469017
544995361
362309843
673368839
514369234
694794203
10002771
529731416
818546415
582972151
544002874
665798618
344771966
556550912
496894831
533529917
540261435
310790779
667690075
191493474
383817591
533107259
488988430
205977010
489980199
445546465
471269995
247038814
371585061
151236886
107113214
276166907
446523910
332055309
279332853
423659433
152396224
321606287
354363184
245885935
172414420
265890877
220092904
373277233
373051776
478098554
369030097
51225147
420386770
457488959
459312025
321971722
248058444
359962784
213645438
246408816
61270495
289091753
471811030
465459172
290337495
460500908
484453648
595675978
568643038
588951309
239404035
192896701
158538535
6794702
194817885
693160236
542374037
670052598
538874073
437378919
579250211
559737938
627011928
612811237
247569090
336035300
594029225
639002400
677231813
607454738
320040051
619027535
571476725
286052342
502963909
522988304
426854711
544759426
507010616
536070129
277418775
409232780
260798893
70202160
481719953
266904165
264442941
529371264
542102113
133295213
2723151
209534697
465849909
585120533
601065701
786063763
199882380
223532003
585041976
510614442
448282739
479452199
468616466
588748711
314318695
217563927
276409227
514502233
802000684
143841306
674006211
310429810
660044242
232520973
292257850
515707430
584812749
449892183
509241696
219266081
700154602
300980274
503715862
452368680
403049857
350502172
376269859
403299572
314348706
560396091
578837078
162157792
356820517
421300243
706546415
315443963
249495149
669897745
671633562
420699799
190246362
583544146
294906192
580812696
704279889
309696587
240496538
663919280
288692267
73648550
270743971
426721213
740728121
475116808
514000131
436282372
231297011
478749913
324799993
647438861
610037651
260400900
166283006
519046044
150553162
560999658
301617901
313855922
286719596
470026236
546480566
176312932
172896438
532389869
537495832
476779332
858330866
563928731
660091695
483643727
338574029
311283612
333692955
522228187
532896976
564652009
664183927
412188711
443520541
528041195
436043776
206945545
398022979
355432311
518780419
626328522
507579322
424338799
393999227
271776074
671098006
621936952
464605620
698756996
257582576
366516208
544536100
658164393
579213444
383832078
498622753
615983316
442156501
478040660
371003625
653394380
581493415
523227806
682029408
557449131
270541765
484654318
737820457
557508498
257132069
384177445
551383199
338029625
349040830
388647350
230237125
363057956
481961468
138800049
538390484
700113525
635228077
536173739
414968353
780031840
487496798
503540625
382072725
459708690
281469134
323251120
340955158
228739638
219055954
363583975
238408513
166538784
413714707
225413103
524293877
504331851
216702738
156885810
569815405
436467310
228501698
542229243
640038738
592110227
301012578
609905907
354965992
634496621
503731792
481368011
580901242
472422280
731708384
521922043
422914792
460536757
675972334
510851690
363520536
61105953
334480378
442997175
262932722
460338327
277219568
266581880
341287942
200637626
133988960
263921416
368904799
691464447
466373397
711751218
510687396
474813432
517229008
600563741
278907173
276246255
519728965
848263674
432069794
494374306
264899397
381902150
375416492
695028548
620459992
539142737
291188251
276483010
330196454
299499399
270771079
329661149
160713786
238727564
233017031
323438435
192001991
245915928
759142314
531028072
721584193
613476827
644401534
712035610
508574180
154786789
608812606
562159909
540200706
580583111
672648384
641770551
331874000
668489621
521376593
717869830
843976525
655693631
596893398
710901795
527009002
355001236
510633417
512657085
261133670
522816189
507011944
609742630
282521081
550474672
409323801
385607073
382591599
382045190
296766699
212750082
329760646
184041029
383617880
143714101
230080642
350395499
324128917
858441959
436298102
582627878
227058904
321914341
277613983
577157864
485217034
502575124
549690139
526045496
536289482
388776698
515555250
616541365
236586203
732295031
536289482
388776698
515555250
616541365
236586203
732295031
274533767
604062918
348504727
577949688
138772566
714231078
589347808
161732703
529269171
564099071
549019044
562118688
569283239
525779592
565636082
222449373
213178981
584536098
786639370
318531493
131529790
176818292
529698121
697034521
263608111
721088785
527211958
478819222
866797332
393812320
245144410
260615173
250834760
587452340
653054557
319113397
274482698
430005211
569492096
527047544
483364128
26745427
539362959
496052078
348365564
603302903
367347848
673139906
271658326
424047217
414795809
465497753
558263821
608261342
490134590
296336662
504812157
105697050
562676892
605610462
586061137
280894440
223091033
416218918
236725871
228493588
265824089
374494241
142467811
473270137
470198569
304155476
380361112
407824599
375110456
270117236
328712287
782531516
623985445
768730252
636333569
682097486
153229282
618700578
405313949
764789450
340344502
835242840
510862795
216350572
8393844
742631051
472516677
511462526
264556372
428395631
480620510
258385636
138416420
399388982
449962921
380116347
469878212
524647725
583402507
303314913
541874515
826925761
547060902
427824814
712595613
309434359
553984509
460916890
627300554
766381154
450900767
546922411
599710319
531966635
